main_function: produce_grids
fileName_grids: phoenix
device: cpu
positive_reward: 10
negative_reward: -10
n_dim: 12
n_imp_objs: None
n_obstacles: None
imp_obj_idxs_init_det: [[(8, 4)], [(10, 10)]]
obstacle_idxs_det: [[(4, 0), (4, 1), (4, 2), (4, 6), (4, 7), (4, 8)], [(1, 1), (2, 8), (2, 9), (2, 10), (2, 11), (3, 3), (3, 4), (3, 5), (3, 6), (3, 7), (3, 8), (3, 9), (3, 10), (3, 11), (5, 0), (5, 1), (5, 2), (6, 2), (7, 0), (7, 1), (7, 2), (8, 5), (8, 6), (8, 8), (8, 9), (9, 0), (9, 5), (9, 6), (10, 5), (10, 6), (10, 8), (11, 2), (11, 5), (11, 6)]]
imp_obj_idxs_init_det_list: [[(10, 10)], [(10, 10)], [(10, 10)], [(10, 10)], [(10, 10)], [(10, 10)], [(9, 10)], [(6, 10)], [(5, 10)]]
obstacle_idxs_det_list: [[(1, 1), (2, 8), (2, 9), (2, 10), (2, 11), (3, 3), (3, 4), (3, 5), (3, 6), (3, 7), (3, 8), (3, 9), (3, 10), (3, 11), (5, 1), (5, 2), (5, 3), (6, 2), (7, 0), (7, 1), (7, 2), (8, 5), (8, 6), (8, 8), (8, 9), (9, 0), (9, 5), (9, 6), (10, 5), (10, 6), (10, 8), (11, 2), (11, 5), (11, 6)], [(1, 1), (2, 8), (2, 9), (2, 10), (2, 11), (3, 3), (3, 4), (3, 5), (3, 6), (3, 7), (3, 8), (3, 9), (3, 10), (3, 11), (5, 2), (5, 3), (5, 4), (6, 2), (7, 0), (7, 1), (7, 2), (8, 5), (8, 6), (8, 8), (8, 9), (9, 0), (9, 5), (9, 6), (10, 5), (10, 6), (10, 8), (11, 2), (11, 5), (11, 6)], [(1, 1), (2, 8), (2, 9), (2, 10), (2, 11), (3, 3), (3, 4), (3, 5), (3, 6), (3, 7), (3, 8), (3, 9), (3, 10), (3, 11), (5, 3), (5, 4), (5, 5), (6, 2), (7, 0), (7, 1), (7, 2), (8, 5), (8, 6), (8, 8), (8, 9), (9, 0), (9, 5), (9, 6), (10, 5), (10, 6), (10, 8), (11, 2), (11, 5), (11, 6)], [(1, 1), (2, 8), (2, 9), (2, 10), (2, 11), (3, 3), (3, 4), (3, 5), (3, 6), (3, 7), (3, 8), (3, 9), (3, 10), (3, 11), (5, 1), (5, 2), (5, 3), (6, 2), (7, 0), (7, 1), (7, 2), (8, 5), (8, 6), (8, 8), (8, 9), (9, 0), (9, 4), (9, 5), (10, 4), (10, 5), (10, 8), (11, 2), (11, 5), (11, 6)], [(1, 1), (2, 8), (2, 9), (2, 10), (2, 11), (3, 3), (3, 4), (3, 5), (3, 6), (3, 7), (3, 8), (3, 9), (3, 10), (3, 11), (5, 2), (5, 3), (5, 4), (6, 2), (7, 0), (7, 1), (7, 2), (8, 5), (8, 6), (8, 8), (8, 9), (9, 0), (9, 3), (9, 4), (10, 3), (10, 4), (10, 8), (11, 2), (11, 5), (11, 6)], [(1, 1), (2, 8), (2, 9), (2, 10), (2, 11), (3, 3), (3, 4), (3, 5), (3, 6), (3, 7), (3, 8), (3, 9), (3, 10), (3, 11), (5, 3), (5, 4), (5, 5), (6, 2), (7, 0), (7, 1), (7, 2), (8, 5), (8, 6), (8, 8), (8, 9), (9, 0), (9, 2), (9, 3), (10, 2), (10, 3), (10, 8), (11, 2), (11, 5), (11, 6)], [(1, 1), (2, 8), (2, 9), (2, 10), (2, 11), (3, 3), (3, 4), (3, 5), (3, 6), (3, 7), (3, 8), (3, 9), (3, 10), (3, 11), (5, 1), (5, 2), (5, 3), (6, 2), (7, 0), (7, 1), (7, 2), (8, 5), (8, 6), (8, 8), (8, 9), (9, 0), (9, 4), (9, 5), (10, 4), (10, 5), (10, 8), (11, 2), (11, 5), (11, 6)], [(1, 1), (2, 8), (2, 9), (2, 10), (2, 11), (3, 3), (3, 4), (3, 5), (3, 6), (3, 7), (3, 8), (3, 9), (3, 10), (3, 11), (5, 2), (5, 3), (5, 4), (6, 2), (7, 0), (7, 1), (7, 2), (8, 5), (8, 6), (8, 8), (8, 9), (9, 0), (9, 3), (9, 4), (10, 3), (10, 4), (10, 8), (11, 2), (11, 5), (11, 6)], [(1, 1), (2, 8), (2, 9), (2, 10), (2, 11), (3, 3), (3, 4), (3, 5), (3, 6), (3, 7), (3, 8), (3, 9), (3, 10), (3, 11), (5, 3), (5, 4), (5, 5), (6, 2), (7, 0), (7, 1), (7, 2), (8, 5), (8, 6), (8, 8), (8, 9), (9, 0), (9, 2), (9, 3), (10, 2), (10, 3), (10, 8), (11, 2), (11, 5), (11, 6)]]
obj_type: monotone
RGB: False
pad_element: -1
random_start: True
train_grid_init_type: init_det
num_grids_tr: None
num_grids_test: 9
